A C G T
0.40489432703003336 0.034482758620689655 0.4905450500556173 0.07007786429365963
0.9187986651835373 0.05116796440489433 0.008898776418242492 0.021134593993325918
0 0 0 1
0.006674082313681869 0 0.9933259176863182 0
0 0.9911012235817576 0 0.008898776418242492
0.9922135706340378 0 0.00778642936596218 0
0.10567296996662959 0.7085650723025584 0.07897664071190211 0.1067853170189099
0.05228031145717464 0.42046718576195774 0.014460511679644048 0.5127919911012235
0.13236929922135707 0.20689655172413793 0.15350389321468297 0.5072302558398221
0.2424916573971079 0.2936596218020022 0.22691879866518352 0.23692992213570635
0.29699666295884314 0.19911012235817574 0.3114571746384872 0.19243604004449388
